19335 Q0 1160871 0
19335 Q0 1231807 0
19335 Q0 1274615 0
19335 Q0 1568085 0
19335 Q0 1720393 0
19335 Q0 1720395 1
19335 Q0 1725697 0
19335 Q0 1825416 0
19335 Q0 1825418 0
19335 Q0 2004186 0
19335 Q0 2046505 1
19335 Q0 2594897 0
19335 Q0 3260688 0
19335 Q0 342432 0
19335 Q0 6177788 0
19335 Q0 7267248 0
19335 Q0 7320614 1
19335 Q0 772234 0
19335 Q0 7727457 0
19335 Q0 8151650 0
19335 Q0 8412682 3
19335 Q0 8412687 0
19335 Q0 8649613 0
19335 Q0 8734158 0
19335 Q0 8798990 0
47923 Q0 1354790 1
47923 Q0 1463436 0
47923 Q0 1868437 2
47923 Q0 3573382 0
47923 Q0 3986046 1
47923 Q0 4321228 1
47923 Q0 4997370 2
47923 Q0 5032362 1
47923 Q0 5137402 1
47923 Q0 525511 1
47923 Q0 5417582 3
47923 Q0 5949690 1
47923 Q0 6111296 1
47923 Q0 6241148 2
47923 Q0 6919836 2
47923 Q0 7507613 0
47923 Q0 8327407 1
87181 Q0 1346114 0
87181 Q0 1950524 0
87181 Q0 2396481 0
87181 Q0 2556144 1
87181 Q0 2763490 1
87181 Q0 3354162 1
87181 Q0 4689524 1
87181 Q0 6521360 1
87181 Q0 7526679 2
87181 Q0 8151919 1
87181 Q0 8165401 2
87181 Q0 8165404 1
87181 Q0 8332551 1
87181 Q0 8683185 2
87452 Q0 110898 0
87452 Q0 2026777 1
87452 Q0 2407664 0
87452 Q0 3809017 0
87452 Q0 4008494 0
87452 Q0 6018160 2
87452 Q0 6018164 3
87452 Q0 7499676 0
87452 Q0 7561798 1
87452 Q0 8152220 0
87452 Q0 8333919 2
104861 Q0 1058521 0
104861 Q0 120437 2
104861 Q0 1275725 0
104861 Q0 1357960 0
104861 Q0 146171 2
104861 Q0 1567102 2
104861 Q0 1567107 1
104861 Q0 1821812 0
104861 Q0 1844320 0
104861 Q0 1948963 2
104861 Q0 236954 0
104861 Q0 2603239 0
104861 Q0 3036837 0
104861 Q0 3443173 2
104861 Q0 363132 0
104861 Q0 4019226 0
104861 Q0 4095801 0
104861 Q0 4936227 0
104861 Q0 5347272 0
104861 Q0 5379458 0
104861 Q0 5394110 2
104861 Q0 5457925 0
104861 Q0 5652262 2
104861 Q0 5667471 0
104861 Q0 5667474 0
104861 Q0 5688417 2
104861 Q0 5688420 2
104861 Q0 6008066 0
104861 Q0 6009067 0
104861 Q0 6187055 2
104861 Q0 6241791 2
104861 Q0 6467579 2
104861 Q0 6467580 2
104861 Q0 6467583 2
104861 Q0 6809859 0
104861 Q0 715676 2
104861 Q0 7302612 2
104861 Q0 7506029 1
104861 Q0 7529229 0
104861 Q0 8141081 0
104861 Q0 8260037 0
104861 Q0 848202 0
104861 Q0 8495099 2
104861 Q0 8546158 2
104861 Q0 8647858 0
130510 Q0 1156210 0
130510 Q0 1494930 1
130510 Q0 1494935 2
130510 Q0 1494936 2
130510 Q0 2490150 0
130510 Q0 3163980 0
130510 Q0 338927 0
130510 Q0 3573382 0
130510 Q0 4022904 1
130510 Q0 4189500 0
130510 Q0 4262865 0
130510 Q0 537152 0
130510 Q0 5914270 0
130510 Q0 6881821 0
130510 Q0 7136329 0
130510 Q0 7501563 1
130510 Q0 7507613 0
130510 Q0 7603931 0
130510 Q0 7792405 0
130510 Q0 7861502 0
130510 Q0 8290938 0
130510 Q0 8391407 0
131843 Q0 1116862 0
131843 Q0 2041693 1
131843 Q0 3471976 0
131843 Q0 3740966 0
131843 Q0 3801087 0
131843 Q0 4574277 1
131843 Q0 4617920 0
131843 Q0 4740919 0
131843 Q0 5286902 1
131843 Q0 5854311 0
131843 Q0 6038230 0
131843 Q0 6858933 1
131843 Q0 7001595 0
131843 Q0 7487352 1
131843 Q0 7777218 0
131843 Q0 7856760 0
131843 Q0 8554765 1
131843 Q0 985990 3
131843 Q0 988476 1
146187 Q0 1246346 0
146187 Q0 1483042 0
146187 Q0 2009640 0
146187 Q0 3193119 0
146187 Q0 3758649 0
146187 Q0 4741857 1
146187 Q0 4777148 1
146187 Q0 480353 0
146187 Q0 5548651 0
146187 Q0 5746033 0
146187 Q0 7309304 0
146187 Q0 7404796 0
146187 Q0 76348 1
146187 Q0 7704679 0
146187 Q0 8434619 2
146187 Q0 8480408 0
146187 Q0 8664004 0
148538 Q0 1384442 1
148538 Q0 1950975 1
148538 Q0 2915327 1
148538 Q0 5010072 2
148538 Q0 615407 1
148538 Q0 7129904 0
148538 Q0 7407812 1
148538 Q0 7507613 0
148538 Q0 791676 1
148538 Q0 7916958 0
148538 Q0 985488 0
156493 Q0 1960261 2
156493 Q0 2115154 0
156493 Q0 2123395 2
156493 Q0 2154543 0
156493 Q0 2154545 0
156493 Q0 26129 2
156493 Q0 2708305 0
156493 Q0 2949801 2
156493 Q0 2949802 2
156493 Q0 3288598 2
156493 Q0 3288603 2
156493 Q0 3603922 2
156493 Q0 3732381 0
156493 Q0 4131137 0
156493 Q0 4527706 2
156493 Q0 4542584 2
156493 Q0 4940234 2
156493 Q0 5555919 2
156493 Q0 5834207 0
156493 Q0 6465956 0
156493 Q0 7055263 2
156493 Q0 7399606 0
156493 Q0 7610587 0
156493 Q0 7663267 0
156493 Q0 8182159 2
156493 Q0 8182162 2
156493 Q0 8273011 2
156493 Q0 8273015 2
156493 Q0 8376842 0
156493 Q0 8725858 0
156493 Q0 95513 2
168216 Q0 1274194 3
168216 Q0 1381477 3
168216 Q0 1529943 0
168216 Q0 1766535 0
168216 Q0 1832002 1
168216 Q0 1860841 1
168216 Q0 2036283 2
168216 Q0 2600135 0
168216 Q0 3040681 0
168216 Q0 3174833 0
168216 Q0 3174836 0
168216 Q0 3174840 3
168216 Q0 3344829 0
168216 Q0 3496743 0
168216 Q0 3556745 1
168216 Q0 3681096 1
168216 Q0 3908776 3
168216 Q0 3908777 3
168216 Q0 3908778 2
168216 Q0 4493877 0
168216 Q0 4656297 2
168216 Q0 4886488 0
168216 Q0 4918399 1
168216 Q0 4935823 0
168216 Q0 5004346 2
168216 Q0 5024306 2
168216 Q0 5024310 0
168216 Q0 5024312 0
168216 Q0 504725 1
168216 Q0 527409 2
168216 Q0 5298480 0
168216 Q0 5298481 1
168216 Q0 5336829 0
168216 Q0 5346759 0
168216 Q0 5657932 2
168216 Q0 5880512 0
168216 Q0 6012597 2
168216 Q0 6012598 2
168216 Q0 6061718 2
168216 Q0 6219119 1
168216 Q0 6249512 3
168216 Q0 6264732 3
168216 Q0 6457806 1
168216 Q0 6606728 0
168216 Q0 6719975 0
168216 Q0 689769 1
168216 Q0 7139368 0
168216 Q0 7154815 0
168216 Q0 7337063 0
168216 Q0 7337518 2
168216 Q0 7393109 0
168216 Q0 7492748 2
168216 Q0 7595676 0
168216 Q0 7835773 0
168216 Q0 8044498 0
168216 Q0 8048973 1
168216 Q0 8185131 3
168216 Q0 8244850 0
168216 Q0 8252763 2
168216 Q0 8319215 2
168216 Q0 8320715 1
168216 Q0 8639633 3
168216 Q0 8766389 0
168216 Q0 8766391 2
182539 Q0 133635 0
182539 Q0 2310549 0
182539 Q0 2585437 0
182539 Q0 2821884 0
182539 Q0 3040505 0
182539 Q0 3395863 0
182539 Q0 6155093 0
182539 Q0 6816571 1
182539 Q0 7579346 0
183378 Q0 1289494 0
183378 Q0 1357682 0
183378 Q0 1605672 3
183378 Q0 1678832 0
183378 Q0 1678834 1
183378 Q0 1678836 0
183378 Q0 1730040 0
183378 Q0 2046681 2
183378 Q0 2203341 0
183378 Q0 2403808 3
183378 Q0 2478813 0
183378 Q0 26660 3
183378 Q0 2710646 0
183378 Q0 3093218 3
183378 Q0 3113412 0
183378 Q0 327912 0
183378 Q0 3377749 1
183378 Q0 3573382 0
183378 Q0 3752862 0
183378 Q0 3888461 3
183378 Q0 3928768 3
183378 Q0 4089637 2
183378 Q0 4285002 1
183378 Q0 4493916 3
183378 Q0 4727417 3
183378 Q0 4727419 3
183378 Q0 4803856 1
183378 Q0 4824883 0
183378 Q0 5196832 0
183378 Q0 5260519 3
183378 Q0 5460936 3
183378 Q0 5534704 0
183378 Q0 5817927 3
183378 Q0 5867683 3
183378 Q0 5931994 0
183378 Q0 6096576 0
183378 Q0 6247405 3
183378 Q0 6548233 1
183378 Q0 6548235 1
183378 Q0 6880045 0
183378 Q0 6944335 0
183378 Q0 7145668 0
183378 Q0 7449748 3
183378 Q0 7449752 3
183378 Q0 7507613 0
183378 Q0 7677968 2
183378 Q0 7952865 0
183378 Q0 7969193 0
183378 Q0 8006512 3
183378 Q0 8121374 0
183378 Q0 8767241 1
183378 Q0 8779628 0
183378 Q0 914900 3
183378 Q0 914901 3
207786 Q0 1029962 2
207786 Q0 1275020 0
207786 Q0 1361413 0
207786 Q0 1392585 2
207786 Q0 2051020 0
207786 Q0 2322023 0
207786 Q0 2628326 1
207786 Q0 3522830 0
207786 Q0 4963372 0
207786 Q0 6003360 0
207786 Q0 7216048 0
207786 Q0 7639366 2
207786 Q0 817177 1
207786 Q0 8185064 0
207786 Q0 8273756 1
207786 Q0 8724506 0
207786 Q0 8819656 0
264014 Q0 1181075 0
264014 Q0 125023 0
264014 Q0 2164136 1
264014 Q0 2173392 0
264014 Q0 2420367 2
264014 Q0 2472898 0
264014 Q0 2498163 0
264014 Q0 2572553 0
264014 Q0 323601 0
264014 Q0 324420 0
264014 Q0 331931 2
264014 Q0 3338824 0
264014 Q0 3338826 2
264014 Q0 3362112 1
264014 Q0 3389744 2
264014 Q0 3601328 1
264014 Q0 3683671 0
264014 Q0 4021598 0
264014 Q0 4139113 0
264014 Q0 4239612 1
264014 Q0 4259223 0
264014 Q0 4816996 0
264014 Q0 528374 0
264014 Q0 528376 2
264014 Q0 5541837 0
264014 Q0 5635514 1
264014 Q0 5635517 2
264014 Q0 5635519 2
264014 Q0 5635520 1
264014 Q0 58384 1
264014 Q0 5854311 0
264014 Q0 5950718 2
264014 Q0 5950724 1
264014 Q0 6105569 2
264014 Q0 6157971 0
264014 Q0 6334966 0
264014 Q0 6641238 3
264014 Q0 680851 0
264014 Q0 684616 3
264014 Q0 684618 2
264014 Q0 7196300 0
264014 Q0 7323468 2
264014 Q0 7326932 2
264014 Q0 7326934 3
264014 Q0 7326936 3
264014 Q0 7331598 0
264014 Q0 7428006 0
264014 Q0 7938084 0
264014 Q0 8760488 2
264014 Q0 96851 2
264014 Q0 96853 1
359349 Q0 1830515 0
359349 Q0 2826509 0
359349 Q0 2851752 0
359349 Q0 3176546 1
359349 Q0 4344101 1
359349 Q0 457673 2
359349 Q0 4816996 0
359349 Q0 5219974 0
359349 Q0 576630 0
359349 Q0 5854311 0
359349 Q0 6440028 0
359349 Q0 68650 0
359349 Q0 8456698 1
405717 Q0 1111372 0
405717 Q0 2702419 1
405717 Q0 2747484 1
405717 Q0 2747485 0
405717 Q0 2747492 0
405717 Q0 2759862 0
405717 Q0 3007835 0
405717 Q0 3007837 0
405717 Q0 3033904 0
405717 Q0 3033905 1
405717 Q0 3514259 0
405717 Q0 4489666 1
405717 Q0 5690239 0
405717 Q0 6419725 0
405717 Q0 6917254 0
405717 Q0 7170629 0
405717 Q0 7170630 1
405717 Q0 7288996 1
405717 Q0 7447942 0
405717 Q0 7447943 0
405717 Q0 7727353 0
405717 Q0 7896212 0
405717 Q0 8156519 2
405717 Q0 8792407 0
443396 Q0 1055835 2
443396 Q0 2130373 2
443396 Q0 2490482 0
443396 Q0 2671287 1
443396 Q0 2976740 0
443396 Q0 3440851 3
443396 Q0 3440854 1
443396 Q0 3721948 3
443396 Q0 4205261 2
443396 Q0 4513336 2
443396 Q0 4633352 0
443396 Q0 4792652 2
443396 Q0 5065439 0
443396 Q0 6374053 0
443396 Q0 6555779 2
443396 Q0 7251120 0
443396 Q0 7305588 1
443396 Q0 7422742 0
443396 Q0 7620278 0
443396 Q0 7706389 0
443396 Q0 7890878 0
443396 Q0 8079043 2
443396 Q0 8536118 3
443396 Q0 8536123 3
443396 Q0 8693530 1
443396 Q0 8693532 0
443396 Q0 8769481 0
451602 Q0 2176450 0
451602 Q0 2176454 0
451602 Q0 2176455 3
451602 Q0 264876 1
451602 Q0 3234481 0
451602 Q0 384317 2
451602 Q0 4380277 1
451602 Q0 4985343 0
451602 Q0 5008865 1
451602 Q0 5320781 1
451602 Q0 5655693 1
451602 Q0 6158710 3
451602 Q0 6587791 3
451602 Q0 678179 3
451602 Q0 7127634 3
451602 Q0 7444911 2
451602 Q0 7558643 1
451602 Q0 7574511 1
451602 Q0 7800961 0
451602 Q0 7800963 0
451602 Q0 7859334 1
451602 Q0 8621776 3
451602 Q0 8695415 0
451602 Q0 875582 0
451602 Q0 930490 1
489204 Q0 1251821 0
489204 Q0 1430557 0
489204 Q0 1431271 1
489204 Q0 1513820 1
489204 Q0 1538587 0
489204 Q0 1759354 0
489204 Q0 2163701 0
489204 Q0 2268657 0
489204 Q0 320076 1
489204 Q0 4552409 0
489204 Q0 4586570 2
489204 Q0 4662177 1
489204 Q0 5895917 1
489204 Q0 6327175 1
489204 Q0 6652052 0
489204 Q0 6816322 2
489204 Q0 7113084 0
489204 Q0 7279011 0
489204 Q0 7974415 0
489204 Q0 8047853 1
489204 Q0 8585820 1
490595 Q0 2135793 0
490595 Q0 3497870 0
490595 Q0 3573382 0
490595 Q0 3948082 1
490595 Q0 4737064 1
490595 Q0 4737065 1
490595 Q0 4842889 2
490595 Q0 4842890 3
490595 Q0 5612099 0
490595 Q0 6649155 0
490595 Q0 7507613 0
490595 Q0 7698193 0
490595 Q0 7704029 0
490595 Q0 805046 1
490595 Q0 805051 1
490595 Q0 8485141 1
527433 Q0 1317224 0
527433 Q0 1379245 1
527433 Q0 2767587 0
527433 Q0 2931562 1
527433 Q0 3425595 2
527433 Q0 5034544 2
527433 Q0 5295980 0
527433 Q0 547444 0
527433 Q0 5479497 0
527433 Q0 6032636 0
527433 Q0 6186391 1
527433 Q0 6215002 2
527433 Q0 7105531 2
527433 Q0 7226291 1
527433 Q0 7357591 2
527433 Q0 7514088 0
527433 Q0 7932171 0
527433 Q0 8322920 0
527433 Q0 8615714 1
527433 Q0 8633563 0
527433 Q0 8827928 1
573724 Q0 1816038 1
573724 Q0 2021252 1
573724 Q0 2417985 0
573724 Q0 3365636 2
573724 Q0 4360246 0
573724 Q0 6462957 0
573724 Q0 7199672 1
573724 Q0 7199673 2
573724 Q0 7384326 0
573724 Q0 8450652 0
573724 Q0 8833199 1
833860 Q0 1026570 0
833860 Q0 1524401 0
833860 Q0 2386361 2
833860 Q0 2829180 0
833860 Q0 3087481 2
833860 Q0 3437289 2
833860 Q0 4046129 0
833860 Q0 4596543 0
833860 Q0 4675806 0
833860 Q0 5048286 0
833860 Q0 6218035 1
833860 Q0 6230228 2
833860 Q0 6292957 1
833860 Q0 6804385 0
833860 Q0 6943598 1
833860 Q0 8683095 0
833860 Q0 8833502 2
855410 Q0 1804585 0
855410 Q0 1824280 0
855410 Q0 2519615 0
855410 Q0 2781827 0
855410 Q0 3893478 0
855410 Q0 4929361 0
855410 Q0 510943 0
855410 Q0 5117667 0
855410 Q0 5210914 0
855410 Q0 5440420 0
855410 Q0 5676595 0
855410 Q0 6680949 0
855410 Q0 6734483 0
855410 Q0 7190705 0
855410 Q0 7440840 0
855410 Q0 7440846 0
855410 Q0 7509177 0
855410 Q0 8200961 0
855410 Q0 8361990 0
855410 Q0 8651771 2
915593 Q0 1396704 0
915593 Q0 1396708 2
915593 Q0 1772932 0
915593 Q0 210379 2
915593 Q0 2210592 0
915593 Q0 2210595 0
915593 Q0 2232789 0
915593 Q0 2923496 2
915593 Q0 3143377 0
915593 Q0 3485337 1
915593 Q0 3523602 0
915593 Q0 3573474 0
915593 Q0 3573479 0
915593 Q0 4245927 0
915593 Q0 4566819 0
915593 Q0 4566822 1
915593 Q0 5568031 0
915593 Q0 5931271 2
915593 Q0 6462880 0
915593 Q0 7176430 0
915593 Q0 7313730 3
915593 Q0 7327683 0
915593 Q0 7816726 2
915593 Q0 7861750 3
915593 Q0 7861751 1
915593 Q0 7885529 2
915593 Q0 8029524 1
915593 Q0 8029527 2
915593 Q0 82110 3
915593 Q0 82113 3
962179 Q0 1006867 0
962179 Q0 3173623 0
962179 Q0 3271742 0
962179 Q0 3705165 3
962179 Q0 3800173 0
962179 Q0 3896634 0
962179 Q0 3982060 0
962179 Q0 4072168 0
962179 Q0 4309122 0
962179 Q0 4511498 0
962179 Q0 5653652 0
962179 Q0 5919341 0
962179 Q0 6137844 0
962179 Q0 6699453 0
962179 Q0 6901240 0
962179 Q0 6904859 0
962179 Q0 7394153 0
962179 Q0 8198034 0
962179 Q0 8689055 0
962179 Q0 8836712 0
1037798 Q0 1308037 0
1037798 Q0 1840395 0
1037798 Q0 2157456 0
1037798 Q0 2723493 0
1037798 Q0 317741 0
1037798 Q0 3213750 0
1037798 Q0 3247266 0
1037798 Q0 4095286 2
1037798 Q0 4968778 0
1037798 Q0 5067699 0
1037798 Q0 5438878 0
1037798 Q0 6089089 0
1037798 Q0 6118832 0
1037798 Q0 6917254 0
1037798 Q0 7081475 0
1037798 Q0 8752317 0
1037798 Q0 8764647 0
1063750 Q0 1055218 0
1063750 Q0 1123931 0
1063750 Q0 12266 2
1063750 Q0 1276347 0
1063750 Q0 1585089 2
1063750 Q0 16693 2
1063750 Q0 1922586 2
1063750 Q0 2220585 2
1063750 Q0 2496767 2
1063750 Q0 2768421 0
1063750 Q0 2784782 2
1063750 Q0 2997653 0
1063750 Q0 3192413 2
1063750 Q0 3259891 2
1063750 Q0 3293219 0
1063750 Q0 3327049 2
1063750 Q0 3455651 0
1063750 Q0 3503271 1
1063750 Q0 3654234 1
1063750 Q0 4158204 1
1063750 Q0 4310511 2
1063750 Q0 4310512 2
1063750 Q0 4329899 0
1063750 Q0 4330925 0
1063750 Q0 4330928 0
1063750 Q0 4337526 2
1063750 Q0 4341365 1
1063750 Q0 45591 1
1063750 Q0 4718159 2
1063750 Q0 5166434 2
1063750 Q0 5360356 2
1063750 Q0 5424172 2
1063750 Q0 5489026 0
1063750 Q0 5519516 1
1063750 Q0 5956099 2
1063750 Q0 6093911 0
1063750 Q0 6127389 2
1063750 Q0 6341347 1
1063750 Q0 6572590 1
1063750 Q0 7146775 2
1063750 Q0 7146776 1
1063750 Q0 7146777 2
1063750 Q0 7247263 1
1063750 Q0 7497727 0
1063750 Q0 7571428 2
1063750 Q0 7791761 2
1063750 Q0 7952971 2
1063750 Q0 8384972 0
1063750 Q0 8384979 2
1063750 Q0 8722081 2
1063750 Q0 876066 0
1063750 Q0 8778501 0
1063750 Q0 8821735 2
1063750 Q0 8821738 2
1063750 Q0 8821739 2
1103812 Q0 1059165 0
1103812 Q0 1614308 0
1103812 Q0 2165733 1
1103812 Q0 3591094 0
1103812 Q0 3843271 0
1103812 Q0 3978768 0
1103812 Q0 4087886 0
1103812 Q0 4824831 0
1103812 Q0 7206366 0
1103812 Q0 7753284 0
1103812 Q0 7753286 0
1103812 Q0 8220084 0
1103812 Q0 8505499 0
1106007 Q0 1560237 0
1106007 Q0 2002045 2
1106007 Q0 2621981 0
1106007 Q0 2672601 2
1106007 Q0 2960566 2
1106007 Q0 3377051 0
1106007 Q0 3573382 0
1106007 Q0 3911816 0
1106007 Q0 4173709 2
1106007 Q0 4787157 2
1106007 Q0 483330 0
1106007 Q0 5468859 0
1106007 Q0 6303269 0
1106007 Q0 701607 0
1106007 Q0 7507613 0
1106007 Q0 765658 0
1106007 Q0 7685380 3
1106007 Q0 7685383 0
1106007 Q0 7797167 2
1106007 Q0 8199523 0
1106007 Q0 8204460 0
1106007 Q0 8489755 0
1106007 Q0 883073 0
1110199 Q0 1901879 3
1110199 Q0 2218462 0
1110199 Q0 2655849 0
1110199 Q0 2796199 1
1110199 Q0 3110638 0
1110199 Q0 398442 0
1110199 Q0 5049362 0
1110199 Q0 5049363 3
1110199 Q0 5049366 0
1110199 Q0 5074862 0
1110199 Q0 557605 0
1110199 Q0 6368889 0
1110199 Q0 6368891 2
1110199 Q0 6462667 0
1110199 Q0 7221362 0
1110199 Q0 7300778 0
1110199 Q0 7651294 0
1110199 Q0 8160521 2
1110199 Q0 8160526 0
1110199 Q0 8160527 2
1112341 Q0 1035068 3
1112341 Q0 1330287 0
1112341 Q0 1373648 1
1112341 Q0 1707314 3
1112341 Q0 1707315 2
1112341 Q0 1998335 3
1112341 Q0 2694635 2
1112341 Q0 2860749 3
1112341 Q0 3254436 0
1112341 Q0 3473123 0
1112341 Q0 5043409 2
1112341 Q0 5133283 3
1112341 Q0 6303185 0
1112341 Q0 6715183 0
1112341 Q0 7088036 3
1112341 Q0 7404107 0
1112341 Q0 7516467 2
1112341 Q0 7615749 1
1112341 Q0 8139255 3
1112341 Q0 8549569 0
1113437 Q0 1768727 2
1113437 Q0 2001934 2
1113437 Q0 2302725 0
1113437 Q0 2354947 0
1113437 Q0 3378554 0
1113437 Q0 3436902 0
1113437 Q0 3440587 0
1113437 Q0 3880944 2
1113437 Q0 4016937 1
1113437 Q0 520325 0
1113437 Q0 5362609 0
1113437 Q0 5372030 0
1113437 Q0 5546283 0
1113437 Q0 5546284 2
1113437 Q0 5938418 0
1113437 Q0 5996691 1
1113437 Q0 6017945 0
1113437 Q0 6174330 0
1113437 Q0 6455610 0
1113437 Q0 7368423 0
1113437 Q0 7377272 2
1113437 Q0 7377277 2
1113437 Q0 7385217 1
1113437 Q0 7430238 0
1113437 Q0 7497491 2
1113437 Q0 7497495 1
1113437 Q0 8050330 0
1113437 Q0 8566587 0
1113437 Q0 8566591 1
1113437 Q0 8729219 0
1114646 Q0 1786848 0
1114646 Q0 2248435 0
1114646 Q0 2302725 0
1114646 Q0 266552 1
1114646 Q0 3177805 1
1114646 Q0 3184850 1
1114646 Q0 3238905 0
1114646 Q0 3440587 0
1114646 Q0 3733771 0
1114646 Q0 392985 0
1114646 Q0 444374 2
1114646 Q0 5372030 0
1114646 Q0 5569142 1
1114646 Q0 5959593 1
1114646 Q0 6348309 1
1114646 Q0 7103112 0
1114646 Q0 7196954 0
1114646 Q0 8117088 0
1114646 Q0 8117096 2
1114646 Q0 8185549 0
1114646 Q0 897835 0
1114819 Q0 1092242 1
1114819 Q0 11843 2
1114819 Q0 1245292 1
1114819 Q0 1248112 2
1114819 Q0 1302007 2
1114819 Q0 1501762 1
1114819 Q0 1625836 2
1114819 Q0 1738246 2
1114819 Q0 1816956 0
1114819 Q0 1852066 2
1114819 Q0 1884289 0
1114819 Q0 2147624 0
1114819 Q0 2421176 1
1114819 Q0 2590447 2
1114819 Q0 2694515 2
1114819 Q0 2831393 1
1114819 Q0 2926432 2
1114819 Q0 3256326 2
1114819 Q0 3637385 0
1114819 Q0 3814007 2
1114819 Q0 5019839 2
1114819 Q0 510716 0
1114819 Q0 5363580 1
1114819 Q0 5363581 0
1114819 Q0 5521372 2
1114819 Q0 5626702 1
1114819 Q0 5673333 1
1114819 Q0 5718415 2
1114819 Q0 5859029 0
1114819 Q0 59259 2
1114819 Q0 605472 2
1114819 Q0 6920586 0
1114819 Q0 6941481 2
1114819 Q0 694735 2
1114819 Q0 694738 1
1114819 Q0 7132897 1
1114819 Q0 7221002 0
1114819 Q0 7407231 0
1114819 Q0 7425396 0
1114819 Q0 750447 1
1114819 Q0 7654165 0
1114819 Q0 785028 2
1114819 Q0 7850623 0
1114819 Q0 8115703 1
1114819 Q0 8336223 1
1114819 Q0 8625086 3
1114819 Q0 8625092 0
1114819 Q0 8653330 2
1114819 Q0 8768742 2
1114819 Q0 8768743 1
1114819 Q0 956102 1
1114819 Q0 980927 0
1115776 Q0 1593008 0
1115776 Q0 1729572 1
1115776 Q0 1886160 0
1115776 Q0 2306826 0
1115776 Q0 465438 0
1115776 Q0 5014104 0
1115776 Q0 5605160 0
1115776 Q0 612896 0
1115776 Q0 6492656 0
1115776 Q0 6672301 0
1115776 Q0 7165062 0
1115776 Q0 8048541 0
1115776 Q0 8106323 0
1117099 Q0 1445091 0
1117099 Q0 1527738 0
1117099 Q0 1527743 0
1117099 Q0 1798612 3
1117099 Q0 1798620 3
1117099 Q0 2058940 2
1117099 Q0 2515910 0
1117099 Q0 2537884 0
1117099 Q0 2715359 0
1117099 Q0 2749157 0
1117099 Q0 3257580 0
1117099 Q0 3327942 0
1117099 Q0 3508181 0
1117099 Q0 3879716 0
1117099 Q0 3951178 1
1117099 Q0 4059509 3
1117099 Q0 4441325 3
1117099 Q0 4490406 0
1117099 Q0 4698655 2
1117099 Q0 52519 1
1117099 Q0 52523 2
1117099 Q0 5258462 2
1117099 Q0 5299235 1
1117099 Q0 563625 2
1117099 Q0 6057206 3
1117099 Q0 6069016 1
1117099 Q0 6122723 3
1117099 Q0 6221981 0
1117099 Q0 7235168 0
1117099 Q0 7407593 0
1117099 Q0 8446506 3
1117099 Q0 8459093 2
1117099 Q0 859540 2
1117099 Q0 8681294 1
1121402 Q0 182364 1
1121402 Q0 188209 1
1121402 Q0 188217 1
1121402 Q0 1926650 0
1121402 Q0 3040505 0
1121402 Q0 3129164 0
1121402 Q0 3501313 0
1121402 Q0 3785308 2
1121402 Q0 3785309 1
1121402 Q0 4449258 1
1121402 Q0 4449267 2
1121402 Q0 5431399 0
1121402 Q0 5993274 0
1121402 Q0 6371837 0
1121402 Q0 6683285 0
1121402 Q0 7011514 0
1121402 Q0 7144700 0
1121402 Q0 7194260 0
1121402 Q0 752297 0
1121402 Q0 8052622 1
1124210 Q0 1280830 0
1124210 Q0 1916939 0
1124210 Q0 2135253 0
1124210 Q0 2461684 0
1124210 Q0 2728452 0
1124210 Q0 2806527 2
1124210 Q0 2806534 0
1124210 Q0 2859500 0
1124210 Q0 2859505 0
1124210 Q0 2958020 2
1124210 Q0 3069610 0
1124210 Q0 3162334 0
1124210 Q0 3242755 0
1124210 Q0 3263727 2
1124210 Q0 3517427 2
1124210 Q0 4648418 0
1124210 Q0 4676063 0
1124210 Q0 5286534 0
1124210 Q0 5350932 0
1124210 Q0 6177788 0
1124210 Q0 6212087 0
1124210 Q0 6541868 2
1124210 Q0 6636931 2
1124210 Q0 6636936 1
1124210 Q0 6688367 0
1124210 Q0 6737727 2
1124210 Q0 6741317 0
1124210 Q0 7203363 0
1124210 Q0 7224102 2
1124210 Q0 7228448 2
1124210 Q0 7278871 0
1124210 Q0 7443581 0
1124210 Q0 7507400 0
1124210 Q0 7695217 2
1124210 Q0 7715335 0
1124210 Q0 7806222 2
1124210 Q0 8026735 2
1124210 Q0 8026737 2
1124210 Q0 8068722 0
1124210 Q0 876739 0
1129237 Q0 1128332 0
1129237 Q0 120315 0
1129237 Q0 1770021 0
1129237 Q0 2837792 0
1129237 Q0 3074637 0
1129237 Q0 3905057 3
1129237 Q0 4254813 1
1129237 Q0 5351993 0
1129237 Q0 6080459 0
1129237 Q0 6080460 3
1129237 Q0 6343520 1
1129237 Q0 6343523 0
1129237 Q0 7060535 0
1129237 Q0 7081249 0
1129237 Q0 7191985 0
1129237 Q0 8415462 0
1129237 Q0 998751 1
1133167 Q0 1405985 0
1133167 Q0 1499669 0
1133167 Q0 1682797 0
1133167 Q0 1701657 0
1133167 Q0 1727081 1
1133167 Q0 18344 2
1133167 Q0 18346 2
1133167 Q0 18351 2
1133167 Q0 1883273 2
1133167 Q0 190809 2
1133167 Q0 2491366 0
1133167 Q0 2502414 0
1133167 Q0 2792658 0
1133167 Q0 3023120 2
1133167 Q0 3498426 0
1133167 Q0 4192699 2
1133167 Q0 4265711 0
1133167 Q0 434124 2
1133167 Q0 4443371 2
1133167 Q0 4443372 2
1133167 Q0 4446766 0
1133167 Q0 4703846 0
1133167 Q0 4712275 2
1133167 Q0 4712277 2
1133167 Q0 481419 0
1133167 Q0 4926197 2
1133167 Q0 4926202 1
1133167 Q0 6113156 0
1133167 Q0 6147447 0
1133167 Q0 6157109 2
1133167 Q0 6157114 1
1133167 Q0 6257038 2
1133167 Q0 6299574 2
1133167 Q0 6299575 2
1133167 Q0 631692 0
1133167 Q0 6635813 0
1133167 Q0 6839771 0
1133167 Q0 7010343 0
1133167 Q0 7093510 2
1133167 Q0 7093511 2
1133167 Q0 7093513 2
1133167 Q0 7218015 2
1133167 Q0 7256791 0
1133167 Q0 7486600 2
1133167 Q0 7762241 2
1133167 Q0 7762242 0
1133167 Q0 7793408 2
1133167 Q0 7835482 0
1133167 Q0 7949845 0
1133167 Q0 8003293 1
1133167 Q0 8160243 2
1133167 Q0 823273 2
1133167 Q0 8255706 2
1133167 Q0 8748592 2
1133167 Q0 8755109 0
1133167 Q0 8804478 1
