241541
758058
527791
690371
1184618
493078
1173309
171566
1008113
148098
793334
419628
720536
83602
435639
666192
920783
80867
420319
50943
844953
336185
868611
840590
10916
33332
288157
129378
122515
276742
774949
605887
311160
100205
168825
1044673
98383
307024
447196
1140308
534682
20096
718098
148783
520896
90230
681706
258047
1014675
769319
676499
241060
461389
390498
948430
1033905
728763
616981
990797
1152524
686892
456602
746564
313228
609120
394979
151841
960915
935769
206380
570697
1054462
466475
1163579
634500
294866
911092
56929
517753
366008
804690
930174
916936
126284
895089
985346
644284
681200
265324
1156929
462130
621306
543733
258619
900522
565680
686049
218252
1079682
619750
631027
887267
293298
17652
672514
932963
89299
32491
635679
494654
397121
136328
320358
775969
21243
675964
463791
1077756
189379
104426
672760
715175
394159
887415
646884
64445
1148928
1017323
834882
944404
135534
323884
281369
861108
991745
138705
705927
976603
172250
602116
928974
465540
882372
44105
243612
424084
1009102
140896
1022680
921600
756798
19530
192860
330063
805375
1147565
401111
298589
986062
947081
509770
840279
640457
947706
486065
471309
714398
741776
1155830
1148611
10129
804253
405602
103013
589756
674600
130677
544554
434043
197698
842268
257404
166465
333738
131820
248214
998989
777956
527250
85516
630933
254799
940749
819623
141451
850452
558898
392388
1164973
1034579
432341
898496
561030
941771
923578
257648
872678
198900
425960
86995
524902
1168111
1037196
762512
1160542
885402
1175666
609901
548509
335389
635752
613281
15250
953547
397640
662247
697620
601404
978401
267686
428823
763671
611038
483181
202972
1068767
196001
526995
1165215
785701
433141
230216
850844
906310
182302
578855
493474
42959
420286
563953
1055718
23376
998411
964563
506367
819327
574737
25655
708556
326981
1005784
696233
805188
605487
473094
137949
522299
1166292
687589
326765
755601
36895
965406
107935
524036
938422
834300
962769
830158
960941
972326
976752
254529
179628
205615
731226
856974
66271
972014
858385
491211
26243
247004
896342
869988
1142977
596385
42822
393747
947234
422489
985856
1050759
987633
875927
656643
155752
157631
964913
1171540
337243
312316
477099
48409
463357
960524
83501
1866
1170733
270144
579427
149333
1150091
943142
781959
327160
413148
667212
20930
312979
541054
573601
979872
415829
813113
197406
623883
142514
481170
551168
629618
6563
1140392
181413
185272
897620
448852
826208
332072
1151033
690890
115090
276622
621853
333716
142322
869057
155116
640120
388444
175417
561097
864912
305780
904590
80122
463931
987103
1157921
854872
120390
693468
242510
49751
872145
354756
525346
251469
409821
17958
1154785
558922
787914
290116
902487
583789
970090
819523
1180935
506053
953581
829872
540222
647924
189566
13882
419984
60631
924614
943149
433145
260220
1007285
701368
890383
505939
789225
870122
80564
434427
926040
13898
423663
939693
107311
575605
77194
608967
427199
634863
982889
615506
590297
629149
897145
500672
977528
67745
663294
903052
299624
989461
289985
649858
563290
61859
558739
1166863
779048
842746
186668
1003703
300288
518012
685592
1156782
669382
117340
845442
1180094
652538
1011611
744285
120261
1018834
1007192
1155864
1024521
852329
549258
481221
535437
1072789
970826
567904
831340
571449
704574
863624
46942
715274
539897
398743
737907
610818
753816
322326
42382
656387
578294
302308
51221
196548
1071987
312356
610101
446417
165165
957403
135248
614271
280714
946731
861944
88204
290505
99468
864023
581424
997020
868455
1175262
533796
1045986
828730
1035385
653863
915583
552376
1167449
618035
966859
841962
459782
68051
601412
782173
863982
625171
401682
1153885
52922
322778
900390
113599
1038932
1178765
509269
357742
315625
510592
730005
796194
999936
489349
97052
435394
1003757
1142863
1145590
1141341
941681
799980
605647
848471
981467
542301
343365
315310
901871
565280
1185034
235571
666897
165529
608926
442864
215624
390805
751426
232054
764379
323108
99389
1021135
249430
903868
204920
149649
492535
781213
1178506
60588
870591
89463
700123
1158077
7737
719205
103182
515779
351930
1055776
926776
510937
214097
89661
789347
759596
597116
977610
216393
180046
593761
726192
135726
1067296
258639
1010965
1147988
496989
319513
223681
815649
558017
581771
151221
528020
97326
136761
731425
171928
886450
305927
850367
1175699
393819
43401
241007
90821
205676
239803
93657
571317
217737
901319
144969
821877
583922
84665
1060371
1052144
1157746
185678
3982
133960
236054
420110
363021
208966
1033952
244951
1013593
578657
1042678
276946
476480
170214
451882
1148847
809430
1151988
891190
829735
51241
1149543
748446
458740
564107
123866
820860
416485
549965
1042251
138904
827468
820116
883371
1046749
217998
364041
592772
850287
729933
471944
266475
373449
584612
340474
929925
203550
1137339
1068702
1179528
958075
353167
709743
297167
130247
209725
651859
833809
897893
1060512
367734
1060917
82832
661142
693745
1008071
58419
1160933
443845
884594
843815
464287
1143323
203414
544605
290559
959903
849932
866262
425752
1053118
57836
476705
290817
567221
49183
937962
1010363
363644
261055
560398
293679
1004217
335458
985608
219736
264550
85665
971882
635376
968166
1150822
1184018
615056
330281
951409
920073
950790
276687
364687
915188
886172
583874
133403
769103
11235
76635
444359
1011872
641701
1029763
130980
1142535
571044
804548
921873
747649
25975
532191
314986
496721
1154842
408658
251007
355211
800331
875620
549886
303040
19474
204903
462272
894570
792090
439115
834148
270059
959393
78771
785527
823375
687814
522955
243010
937744
985295
873156
562595
171746
260651
947077
1155067
1081970
1153186
854394
807465
29303
193985
339206
517785
929606
17224
982671
921049
561151
801619
1056935
930471
273888
901108
292718
1181184
1173308
121768
127664
745388
229616
958212
177443
1170702
272127
820420
467498
410817
410158
915329
542925
191233
217340
436254
704363
527759
731950
631828
121659
786175
176594
257438
859223
745154
786232
705686
176703
1181449
535547
966178
918929
847696
96978
879497
333743
578125
197344
974964
556394
842679
290291
687836
850745
552720
389030
917620
1179242
247766
687761
586547
662502
857288
506619
7450
1182028
1053385
667190
706956
796631
199074
289584
1038599
112737
278124
1179616
999176
534982
347565
762064
253879
290597
788794
1039953
153943
854329
346904
894492
945650
604169
197926
440388
1002044
1002541
541792
684052
661858
993519
85086
23938
678005
135133
1049732
441865
462157
76634
724298
75892
714731
783210
656472
41466
590940
620556
1081571
793774
200325
394989
186333
704500
1164922
344344
194192
37168
71203
343293
609495
1147637
246316
62410
569746
87065
410608
1066808
768480
1150595
512385
593536
788242
342319
652463
539715
413405
980073
267815
646217
10574
43144
872565
826961
1011224
626477
735240
129367
746983
86733
936929
758971
34235
1137672
1151950
765160
101864
1147769
125105
1050341
27635
35973
197523
631310
242226
967031
1143845
698487
542257
960399
176816
22784
867914
427596
80921
561230
1152723
977179
93355
1180836
1032505
220023
935330
260914
330337
284583
528045
89409
1006069
867273
698643
649053
62433
185175
876449
911864
1053748
1157796
552884
570672
356183
792237
760464
1169092
563630
690778
1081972
58849
893199
247897
906380
757621
78977
1068674
1057465
465857
1004637
1158965
153666
665426
135228
1178895
704240
740068
820066
834862
673906
921795
255543
51608
999855
12291
443617
752776
319339
650610
1152887
700650
419392
936002
85969
527618
739655
869504
1055398
567849
563768
6170
648259
1147424
800132
769199
40862
1171230
124713
784610
307312
489570
159277
42020
1038885
629612
83352
119577
461459
97965
871682
535750
444686
568072
532063
1080795
463505
893198
285668
1056389
1147850
648067
635446
1158321
224368
767406
109339
771113
551987
483246
324117
84191
979812
784364
283960
1045816
624519
249344
881114
401906
230005
43133
297824
638299
436236
310283
554211
93487
6914
900673
41317
810228
991818
907075
285122
555341
978622
21030
797128
922332
443416
537810
68123
246019
1017310
1163916
202183
351256
315443
492434
101039
736705
423242
1049660
1001029
415813
785200
120759
87350
856019
740639
228920
26306
185891
1018253
731901
1069423
1006078
452474
545687
181427
148136
1031059
822147
432364
1185758
148972
197399
119261
572676
1175227
746416
601687
786256
479852
989490
884806
396023
690711
838858
586985
1147514
384984
51511
684343
309670
264636
138895
660552
64828
817594
97528
383525
515908
410054
769074
787357
663572
10787
614530
731329
203560
160875
1071981
6839
614808
785213
12533
534652
89593
342072
827695
107250
657460
102908
135024
73379
657744
574324
118352
263934
676076
651325
692764
913272
3132
73157
892653
1169769
846695
67032
758928
187335
930767
136994
965549
1179157
104274
15027
303857
831180
895568
895996
962736
660751
312448
616836
232587
646213
1007330
1167587
966556
675949
871858
1001938
321169
1031651
59979
1161299
812522
408110
495061
1166690
1009696
1044845
962846
163169
575897
1153786
923101
263258
645308
93454
1150422
801539
12979
796453
344655
582830
983912
1179067
848217
1054359
125058
555540
250940
845704
435463
158347
399473
872778
409336
1042047
788486
101302
139153
885800
245437
970432
615109
860531
1020342
894662
279787
601377
38430
550897
84299
473423
571854
742825
160019
867332
718051
206128
906230
532113
166106
242521
35065
954877
300001
827560
991402
661547
854778
624685
494605
1039540
310802
500188
434994
150149
872526
329963
402380
787127
94844
557559
544666
89955
97316
718043
902704
307125
833145
239360
782871
497558
936562
134118
1008574
50476
224013
1147713
1066052
1175978
839874
1176836
338268
125568
604164
179107
1174493
685937
273600
960050
682591
473734
1022579
222775
438773
1037979
604734
959369
725890
95738
357855
754993
814280
917001
8883
899909
741328
645091
895534
950523
208810
513663
100730
440704
481762
581818
465066
924259
608951
1007916
277852
289040
430241
960943
807653
927214
448578
817259
1023904
995553
799578
879562
712548
775448
248663
357647
513184
72148
332028
626399
684201
286923
987801
40692
324299
241658
567599
198985
18872
922346
896578
1052404
338035
318041
906487
959125
251680
283373
458140
541749
777462
878355
477653
950832
681056
256707
795115
488056
863248
718150
199417
87108
962927
462585
713477
701840
623670
117420
982629
823422
284606
167058
276960
674179
472797
829354
137114
530922
110366
464677
510998
330704
772933
259598
50424
924760
347063
279212
355830
801050
669510
746410
1073717
816962
817993
775924
567075
209189
1064616
257504
638438
95534
1008817
455034
358756
686676
366916
138460
1074438
812704
108112
1156547
215682
263977
889971
177
103712
987457
164826
679700
858542
447787
446937
516987
1156930
425151
198880
26443
479082
1071291
995771
623853
97607
148818
1014333
629265
414936
1152828
722108
243427
323012
646500
792592
110317
613506
575647
815115
1176384
1018164
214377
698383
876012
466122
95353
1019253
899602
616839
100459
895595
306933
723963
700343
290801
495274
340031
587260
299900
108454
359212
696853
464849
807414
912509
701590
1161695
1153067
734001
41953
940194
450773
876356
692405
785871
476813
695572
739298
226733
264127
335643
582257
935366
395678
44959
865859
855240
866185
863315
41844
1018322
160457
608962
214538
765725
1158151
862997
798177
528426
1177582
1143509
614333
986455
84644
749762
1036788
876444
30011
528741
503150
155671
677732
551756
1044361
721928
601390
903637
872255
1001467
1009223
902391
31479
916988
766175
635107
979126
1058943
132784
107520
661392
627643
582572
635919
249688
1046768
1184622
867779
11333
872391
732927
779330
12300
1174309
462219
272737
379539
489132
257483
1163321
275006
740290
483146
394450
592598
115397
277076
96216
600705
507264
493469
679855
959067
1170108
536540
592978
890776
577332
14049
490728
647232
1050901
619307
298931
452144
355907
465631
47635
255755
523382
778380
765446
77408
992226
668572
1013441
247786
679215
407984
1140405
620717
759495
197997
367818
472954
552980
593602
23575
275468
401694
640037
1156484
286187
408836
627471
594299
768971
81786
941290
323845
745715
251249
607435
69237
349038
1067121
684695
386496
108233
1158317
46290
577119
911333
694553
956419
996738
107432
172022
4589
71896
269447
861616
525733
555526
1003398
176761
269359
522143
219822
650604
385335
877947
233690
855852
412196
604472
192973
17042
1000992
291831
230196
925389
632346
837107
477163
468411
1075387
400647
129002
97299
461045
1161947
785405
1138884
114956
193028
1012341
951933
40581
449103
7854
435895
42548
283764
1066591
902897
1058412
1024414
332332
549701
742151
552618
392443
418884
790795
947560
394966
561414
502923
459764
970228
50396
700996
117501
930691
42167
44908
609857
538315
778559
199877
486634
523041
526330
535272
87836
152875
724272
287293
550719
939068
989491
751435
672848
263150
406448
684797
434260
794808
1148646
617440
849407
779812
662527
289956
781294
179202
165637
1064114
918491
237359
475176
855113
814312
896239
332881
733949
23255
1066348
945110
1149488
802782
768357
1140183
1017927
455138
505046
1037190
477516
946914
238687
307529
796599
39572
1055064
614508
182253
470046
243516
737605
567145
932141
483890
279762
630030
28059
273413
454627
737846
745058
1155414
503988
1037999
359643
976212
577356
413026
980014
229513
1022498
729932
1157977
1008626
741759
578477
952435
865916
303134
945055
229122
378593
845061
556830
270029
817673
623115
933431
840134
501830
446687
769789
645810
143679
1067188
904398
441472
199743
290515
730141
191650
282549
436045
501670
17737
726412
176846
390850
841724
281938
997217
951069
262950
203276
532214
758702
748488
759516
647218
1184581
86926
856517
864377
513537
759320
1027531
160797
1026274
631145
808173
587399
521390
672471
607713
985852
994508
1166725
349553
59816
1184164
44618
1047901
998634
751375
1160271
838663
893477
926349
1148714
759619
1044143
270555
212679
664096
319842
148214
25935
119268
518978
1046971
579297
1170898
341188
833434
605224
462245
855063
781471
738109
897746
922999
53072
730093
260954
1065616
763969
59792
537906
530118
692938
713192
1185674
162650
876797
798724
874885
642411
592910
189504
752932
62252
127673
902095
165968
567135
12848
1146390
546922
250467
989652
206190
329582
656501
845583
686834
490220
96521
589798
156926
457856
638699
990673
948296
579243
1031847
1078092
1014268
607950
899517
1014592
1050598
1173773
768198
263808
117406
523381
493964
814266
1072343
751563
232209
709016
909557
683850
474790
257755
962511
483034
176556
46009
866498
809303
639462
630510
1017700
716402
802614
417874
430523
989367
57876
917829
306896
903819
242879
727324
900140
309911
197093
630589
636702
639450
1184546
373512
230703
603774
1035655
605608
954381
284673
1136985
680027
416819
520877
917484
761835
974796
852632
1023671
60737
264201
1179986
1159891
1158637
1017980
991981
301563
673949
311535
987331
614694
704162
403995
322344
250512
649552
359550
1007492
955309
579356
844972
1008618
37518
760074
57127
52931
1009805
923660
604404
997816
757977
85944
689033
342562
258805
244373
1167854
921648
114950
678334
1020566
112945
961927
900826
49273
289507
971093
688134
129173
493698
22965
561365
993378
367228
537960
92123
1180327
205280
89490
245602
1055521
747087
892867
177347
620008
742639
728402
591837
318909
998633
1144700
491714
921623
882759
110186
1174147
326372
852845
482743
984793
1058307
634796
520947
750572
569886
1068002
1052292
405955
716889
777983
800728
922953
500579
1148889
322172
213597
986919
564454
662370
678868
552885
523578
286127
319358
781226
527902
844786
724732
50397
949981
244955
573544
837973
22874
354933
762370
2563
291568
1164841
46108
308820
1155942
1024207
582274
745527
615985
520461
322231
1176485
182891
44758
493840
291494
106004
936649
555080
349832
13911
1150836
226106
413982
974709
503946
904891
614648
598949
74522
791163
1169247
866552
1165599
515242
16816
829759
233316
481712
629981
1040123
396132
103147
237827
755800
884051
62023
412330
243540
496509
169991
961719
934482
458730
918715
455857
311486
424013
46283
467425
405244
75383
932676
819463
977074
653989
118135
964996
754767
797662
663848
494624
871830
45704
121897
1170813
984516
910228
777781
318242
341238
1020633
466933
447241
419054
80221
742867
700901
766089
460090
760852
937169
639209
549937
818534
1170158
449416
574392
980664
863345
599536
189580
1024446
470589
170016
603574
253850
635634
1010787
903443
751867
592707
1036729
568983
345362
205998
352186
912745
51127
571920
1139635
979424
601391
399743
622351
85863
616516
668759
276322
504365
294721
819595
136754
1020737
1066218
1063680
108219
273313
98541
1151034
761588
1024316
723544
788844
780893
79404
1185537
595424
751259
37181
259081
397490
868384
402819
108630
427594
186414
70876
448163
926843
1148206
697571
434690
669266
28989
232458
231672
844527
734776
451106
501032
720682
684700
1017094
593848
503158
759133
46377
1176705
859238
28896
1048291
1138221
770017
600250
571958
325994
225391
24437
323674
988216
194525
749685
551149
960562
458986
1170870
176495
134228
23153
519120
1076317
540908
415265
830972
304522
698152
1042013
735541
1150854
653987
899433
584554
455518
314676
693292
28077
326074
1156894
972159
240962
1138408
238390
673151
829810
161046
564983
418073
109552
1157798
502087
949164
287192
746971
827207
207142
167738
444445
600215
856738
949287
699540
239385
907335
107338
304137
265662
758445
648873
268314
454966
625567
471522
640368
1037903
752887
994567
290270
631911
273395
534626
1056399
1178442
1160558
245311
527474
687189
649376
196487
325804
20527
52974
475189
524787
811699
267037
15354
326161
889114
734306
711441
509180
931056
824051
404872
410445
189096
332999
1074937
695190
350907
1143767
829749
1021717
846417
118532
1068487
774779
314205
295106
946863
326989
704727
507880
879971
570516
16867
45448
806000
439575
324282
68734
706006
752246
261731
1076767
434172
1074069
689384
694327
649528
547255
969782
1054390
142124
221820
512144
28259
1011996
354038
502913
322416
642418
613490
536085
983169
29227
108900
586592
90609
64339
638937
904426
866239
849231
497888
692286
908171
116990
175650
607985
247960
71615
207447
93489
156920
67013
535189
79911
238805
1046012
660374
1163935
978523
67993
720102
822799
28314
742624
777752
156676
88821
255001
1180776
1040529
738943
166668
48573
685692
212361
458097
762254
730441
1165667
815818
64293
668206
403410
655598
914744
948387
913349
1162630
189468
655524
1139973
257015
639367
433861
1150585
378487
681231
730051
814774
471211
110349
35500
173244
87059
479824
38243
243162
191390
710393
436637
242885
242639
1163434
524288
1078129
359830
256175
60970
624542
756161
585883
135297
48335
724534
199635
713611
191874
608577
1046045
966475
1003077
1137145
227125
35508
152911
126335
647163
714883
980396
643742
1157737
1000021
1176267
537863
618397
565559
972132
1037195
553614
22584
584167
330225
1060984
634311
205884
598733
76626
211252
8732
405743
225571
671715
1161167
859055
459911
476137
90701
61227
179417
568601
430924
1025157
790675
641446
641935
814619
573829
1011762
114102
1058912
340052
851691
389748
417366
997679
737254
251741
259887
911003
4534
1173034
163092
441126
632220
1030061
832486
545757
585766
32543
912778
781300
539268
914793
170279
102352
757420
588896
565452
873636
846226
936860
995575
879124
571758
1049376
161026
390416
539998
300683
821106
626438
569448
322659
1049884
697883
506076
714152
930640
233209
1070283
95526
1177492
459459
638681
1151459
297466
1172127
765040
72840
344519
1178986
966318
687680
658045
850972
107821
895459
1031511
1173905
47086
477575
265590
173505
910014
330240
369488
325814
683228
910646
592274
679353
980623
913327
1155388
1002404
999912
421136
995498
287852
825255
1152710
500138
281716
155335
1184774
795682
1065457
647072
329757
602386
186460
328867
133333
1650
761617
617702
398786
181666
534303
245531
460428
719861
1169836
230497
953970
563575
284705
274560
1070568
786509
1069581
543574
1043925
892551
666339
123778
604489
1053403
540448
639730
80920
476389
502328
783290
150532
984051
577816
43951
724907
141812
783913
678423
994715
680419
575467
862739
340978
38454
234048
909114
812034
885630
681142
401579
626750
913222
687511
703573
865291
599338
288559
138849
608573
489859
531213
48646
634980
402783
937795
261128
160835
999270
801437
110404
142556
1050816
268886
745754
1053881
670665
849801
708165
592631
1045243
114517
867244
1159590
501274
994827
1024866
454978
956582
1179539
833788
1011217
269486
304333
884598
936553
598220
456564
832944
1057782
777090
552450
120275
692120
524336
250063
823711
579902
792098
844329
1071973
830576
752578
802378
883920
223673
809506
704154
398508
592344
527960
532227
202328
87802
647248
708885
283411
957226
1031435
325381
806944
252622
750796
411255
839575
1182845
18853
743417
263050
660333
966217
549389
956253
999399
959512
399196
972923
579554
180520
291892
268891
1036888
745417
973208
234869
461823
602070
916472
272037
245230
173461
733992
31145
749800
1063580
927828
989185
503552
988857
902850
1072636
281767
1162528
190432
655264
806411
673450
635864
198470
165255
726484
275880
783465
142500
19325
865604
130756
659443
823921
889304
861268
739229
43930
452650
740902
369888
657971
287960
732005
708817
530158
583113
89291
748663
647513
847032
204389
1165881
1060446
537032
1149056
1153432
762096
1035083
55275
736431
588760
1178670
1155704
391925
353199
925199
232940
572497
256516
756390
584400
518140
184348
838778
568998
951440
248688
1046685
902705
596846
527667
465541
326729
895558
908865
489329
224335
681871
881319
784865
912507
562176
845671
235392
783471
302350
72910
265374
260082
120973
834815
550207
838203
20266
112626
223669
836103
770480
183321
1141447
990
939190
159107
208447
258382
1008278
920016
307574
1008692
1146634
184949
528886
7922
105975
631537
1074671
783172
744316
698804
442816
1010733
1169049
919613
1142179
131450
806746
371479
641989
1010870
564840
1138316
503421
388413
762748
283655
1074596
658292
426807
502241
70798
244490
997354
766931
885212
1143502
175309
302616
333059
659196
643039
400833
893259
1057876
27727
408130
503489
926317
923933
1026872
30050
1011682
1004676
286940
251825
630402
285986
984176
11066
641695
191847
109720
586502
43780
137304
1168067
239728
31854
1182042
831091
298897
2948
554157
657386
778083
133583
727173
135195
43483
35223
1170991
825363
937258
195389
490708
889506
613096
459063
585049
129632
1044743
250743
21267
903266
471202
956690
718032
412250
393276
690248
384854
39016
47832
942444
19431
730091
631875
1053690
592282
59703
926989
922740
552531
1017899
874187
1016535
1037580
475540
564271
951716
179874
759726
938371
702174
1140154
97736
506531
545390
966314
867242
241565
162346
612369
635913
1009174
1336
1177302
311090
1027977
342575
861188
433086
725884
1184625
1153220
1150918
27159
302381
57476
913397
128458
439155
9938
352850
96687
338938
633478
1182436
552254
102522
9791
827149
333233
127219
256938
425515
627101
872222
125335
158975
752927
114837
269269
439487
584828
1010142
844988
809509
52698
767609
493899
855526
1144836
265073
560639
828462
20303
939183
649833
467730
783233
980919
717646
589276
849826
52456
653408
43379
524028
435142
1178731
320626
845384
583919
170063
692093
1002854
537987
441751
822415
631446
593280
576933
770989
576402
27866
306081
865690
63980
112097
545609
1020811
1143293
614954
1162150
101841
146751
999125
271627
692197
209249
201359
499809
1054005
630311
7690
228729
476884
561261
641959
811953
607445
1048362
38130
1046938
640718
840965
691074
763309
1146633
201997
197725
498191
769722
21993
678418
478079
7040
1059152
855822
1014552
633330
477913
751242
1140594
944514
1022626
854393
550089
262503
1025571
253780
854191
215048
935309
443005
103257
338231
740995
435931
306677
496043
1139977
554628
971600
633661
964382
32995
324468
177045
163466
1179488
976361
355075
469129
626198
47547
629819
1020593
749482
965603
511493
871907
590103
739433
602676
37457
582829
334907
538040
479290
768247
197808
399051
1150254
881235
475779
1032678
89668
486008
488717
664402
498424
210005
409956
825004
225800
2217
809871
492816
573086
327363
131829
533298
226470
202083
818136
376296
722723
647253
556397
632202
47184
783692
129290
1005029
398806
626496
941874
780271
648177
274199
608697
608844
79106
550437
364690
988654
866606
689320
1004812
1008157
5235
993414
390378
956207
554814
756430
928959
231858
987583
74347
238978
752420
862635
780858
991611
876591
1049542
1063939
244237
478903
7994
1137121
716466
855750
59683
525116
797451
820477
787939
822922
230049
889238
23671
520415
703597
159873
71797
299918
903676
652582
772041
131529
400778
454073
455621
337539
434674
1165300
306810
546277
784758
825274
1017131
1059057
343978
599330
552813
595805
302898
624757
1170948
323663
1183763
365923
836319
570836
992586
581676
684954
303893
610763
669409
158961
974064
485248
16763
1170004
1018677
641188
393960
723842
354956
198011
394528
455974
413735
726487
1145921
514737
406734
888083
993840
944624
286387
165302
418439
171613
398869
1035633
1028265
506290
292618
704042
250622
1027340
938968
465874
176494
83335
437280
405250
602529
64817
860866
447743
600880
757541
190086
716855
302175
472640
925405
322784
1172811
512125
969340
207327
244510
652338
590172
477733
194665
1019523
954503
151461
988263
39279
353744
1147681
530505
725544
1153762
571055
311260
734723
975568
1041586
272739
177298
580609
644016
852397
1181110
231274
831168
978964
909555
695626
18144
553574
791353
583198
652087
402721
542611
191503
1150496
504378
429795
143671
452954
630262
1162004
58991
755582
749203
9899
27930
733312
687578
703126
676253
720823
755500
532149
973071
301287
1059173
59165
28221
587962
44335
298206
1015815
917215
1155108
443676
263933
953550
350510
364902
1067633
800030
231625
647724
270649
314088
923042
188632
846379
417628
587834
903493
822380
747313
779629
957998
1065168
187525
711532
772405
184375
282427
696588
1061261
275202
743612
891846
668887
648392
462239
922491
490616
159060
922644
814201
1170131
430990
201479
440439
657192
719456
458109
283806
450969
718487
841982
202167
916281
668345
403848
158128
725136
614435
727311
724403
837392
879463
341535
500436
337171
177163
534474
999258
756409
190474
1164172
505526
736169
22518
611516
486550
872271
803247
845320
429842
614929
522124
1040328
860426
831019
844840
407463
1041839
879173
1056012
885353
288642
139438
414752
603747
479231
984533
337033
126448
711068
200245
823295
95165
569029
1007614
199526
893757
982303
1070558
739827
937015
758358
753740
720182
471394
833746
771301
505983
733221
537664
1069489
115492
618116
711560
441088
750432
1049209
375507
814670
666062
416218
564900
57501
872714
940963
1041980
1048277
87819
293793
652301
794921
419718
902288
279372
958984
278365
956635
641937
156515
177471
470524
1176073
227241
978901
638711
273340
1017386
314749
321206
982508
80424
1029094
146497
741680
659808
902848
788435
526003
646999
249031
219793
802385
882117
353409
1047899
539445
741434
1182880
499957
608345
117605
654216
564009
544205
1156543
808187
643155
592216
86686
59519
1056976
1163671
987292
66832
791482
213754
668856
435071
706434
880832
1142304
164562
171055
469721
569673
712316
107505
987601
733839
311830
695396
17281
787354
903618
370702
291361
728834
297594
233052
269175
450488
777303
1078501
806325
317799
946321
836706
46228
886165
471861
730498
840395
298617
491850
1035537
148938
971879
606406
285279
147294
428771
952807
498497
554489
413860
586361
706230
143236
799283
296722
586952
179285
728296
623795
916163
411598
431436
650767
867829
229136
1078891
674238
75984
740709
1170033
51941
616757
291462
202782
898828
291761
338507
130815
529522
655229
675207
263155
803293
694195
1145869
854337
158743
596153
747508
691456
261396
971979
769753
282594
981843
173767
58760
215213
724073
461301
2436
64414
460343
526943
266559
507666
434039
211933
124225
652418
286543
495632
168077
23734
676924
630837
77322
265542
711679
1028370
891817
976562
838014
198083
1174003
551380
717180
127869
937223
126914
728906
682989
52250
267392
1149681
285493
586970
841304
446703
1073779
618012
544258
1040188
217656
957525
609065
887480
151047
949855
938746
614627
549759
54046
844587
211829
794692
701300
957515
290182
1010653
307992
473422
149309
904969
13324
303645
940559
187864
717241
557163
827557
791254
252530
568729
649386
475141
1161350
957766
235751
405290
912704
1021157
275824
483299
285285
571836
261070
931648
147130
44921
355430
44354
1065689
303845
645123
688723
643708
967417
718763
909514
76801
602310
979453
247739
884583
315632
848904
598652
233001
196353
638259
1004204
976497
407343
907570
443702
972000
822591
1154060
73190
250028
414475
50036
236021
632977
90666
833118
1177959
902334
1057284
818400
888926
672869
326747
1177514
906409
862486
336029
718296
316528
772198
1046853
940871
518793
662025
151487
622213
878834
866294
747110
595696
804210
1159826
985750
189422
680053
642298
723011
45935
617362
1057743
952333
588488
504034
896593
595734
991653
310053
245946
751946
1007203
806495
106180
290110
1152433
1140627
306247
631774
554079
844234
469254
209468
444543
965134
917823
758270
1163003
160823
291715
460376
832096
130084
796054
136592
148571
768251
338577
934736
163864
500295
930828
165144
529301
132974
572841
477635
584763
46644
717208
212068
1144870
596467
618138
465225
1028089
548408
596571
99406
590236
1063751
292644
628277
638709
400713
683878
999303
581033
236360
621292
469691
853169
747592
580636
302370
432280
859066
257692
748349
22564
819584
222892
111560
1041465
688947
409017
411756
834220
25716
891420
272033
113312
527042
663667
498403
219031
10476
543099
245739
885079
514836
272508
1138679
1004022
849592
1148854
339391
629437
18531
471475
1079263
292482
596683
773686
668973
869703
613721
736299
320381
553620
979247
1154598
547035
878441
1064779
960512
925293
1166680
182785
775282
398304
834064
131922
775258
906750
678940
1180942
979163
260850
770936
215836
600567
1151435
252823
1026442
922898
640983
477483
50581
783622
396076
294331
480278
199727
252613
603649
298700
780493
559342
518351
923176
21012
467043
835225
838452
783790
1156813
220207
1171735
253612
976900
762757
584848
716510
258983
195057
283680
16244
1067752
415338
1140118
720540
790799
948873
504926
646767
105378
1170845
122560
863965
821023
340378
187236
105653
977376
216498
1166428
752329
928092
893299
405865
1165051
241484
154056
677487
926550
85546
190148
750706
622811
541796
41190
88415
941722
564315
745131
721562
69949
122625
840574
681240
149369
202152
333229
498700
810111
228808
323353
289929
57523
320368
1166739
128723
881305
545226
119846
107957
293878
684039
261622
950869
612715
408261
383081
954374
515613
30457
639437
1176148
1184572
225253
122525
297116
958637
310831
853635
929828
1184884
986666
821112
938058
836119
953349
681983
181873
1169682
292184
133464
722071
986236
715987
712881
411915
597389
249179
391036
594519
255401
150565
441919
521157
152342
48613
62702
325916
1164274
617260
957819
1013185
776018
967264
50224
321442
579586
20652
782393
716861
566802
1011803
1007157
1173915
1147438
837291
830075
657608
861835
669663
656980
760290
643187
370152
625537
212610
647346
777307
392265
979121
714257
307657
814241
817149
399566
479007
808690
1183010
858158
162711
1001664
138072
42372
685752
550334
811638
593817
413358
304870
510977
555384
643709
856662
816209
541075
860308
557794
314287
1033463
180747
37988
575952
834421
178761
443048
6311
442268
899996
193882
96426
224595
165626
611623
428721
634931
86816
355935
516732
1160656
500936
809772
115431
252995
950507
178286
965327
214145
606905
362648
843365
304614
888241
1139047
11051
681217
442366
286121
442466
526628
477949
916529
1179508
891806
225871
1017044
910966
1173478
240676
94797
315416
940653
797623
743761
322956
396084
804174
678930
90078
284597
846897
803985
691796
1139703
364207
226437
529034
759293
1032149
749690
442231
290860
559669
678900
131277
563161
684971
182031
412615
310323
968242
956705
69115
438422
1137404
1026891
450455
611093
1052536
79731
253172
241809
933351
250883
775930
569471
1702
696678
41006
166385
18443
427681
500239
690233
529677
147841
849611
728442
996036
698647
56058
76519
36138
819841
1137738
756061
1049687
185519
329863
974807
196849
499820
982155
517205
231660
931767
115227
299313
307567
271847
155869
826974
235661
973251
272615
795184
1066117
44761
1139327
226739
30108
685580
773714
149380
921197
882791
977972
1179671
10850
197142
618888
924592
860789
329927
330379
448514
770295
899278
499634
818879
606803
52455
409461
303982
219200
1047213
606235
571731
400481
1035843
729619
1061310
507394
473760
918722
818420
536313
22169
635024
961636
47157
1173898
416052
1042896
21931
1021972
339466
332525
866593
666943
173139
428274
457445
532594
995527
407794
567712
178311
530636
218075
507621
413813
1029438
909310
709765
1053542
1043025
699040
84256
647833
656083
899044
665576
864162
892399
949225
433977
233649
591541
1054874
842508
1075294
125897
1013337
570461
899401
791337
253540
33082
768666
410952
410596
606736
813535
541967
105500
1181985
115660
699198
861115
132058
460668
231799
680438
532358
1006970
368572
1056909
409508
164517
1151255
888804
665087
400980
324917
248403
694343
102635
929474
778244
314031
908090
51933
546713
1006460
921916
1045051
448520
82388
742334
582376
820738
607475
467732
1071302
40286
151080
154864
750123
339186
45241
425657
865796
554718
631833
789620
560156
420000
573076
892510
302485
236319
190139
452663
653643
574707
625348
285988
796458
258586
582837
189821
967888
59934
1176999
842592
58941
601946
750124
1182885
868502
758926
115362
616083
485860
528746
104502
388720
3335
709753
962339
956891
473721
209258
91030
828170
281020
463185
312869
454216
764827
589803
222446
322721
33563
853090
630691
1182963
551369
696728
999413
1036787
506499
1156759
776944
379900
40645
606713
616969
338988
1153757
7301
529350
628518
154325
369936
651367
470453
490445
693287
292752
395052
585169
632884
375368
46977
7474
106051
204670
105710
448566
774898
1149155
872497
811906
588606
897881
1184782
413251
82601
719768
979011
392525
982012
1164040
11858
1150215
1157721
723951
601379
47463
899169
809723
553063
658646
835283
770638
685845
538986
843383
749489
34325
702591
576236
631355
500956
899449
382577
1026485
160521
1174060
739510
1044198
750977
8855
510903
1163652
44092
605763
789862
642534
72041
603561
808108
109539
484266
207882
61024
816501
47470
1175789
992114
440797
618893
1152045
721149
733112
1169873
926804
325702
324339
552296
943331
1138831
516833
133410
393868
357525
1017482
390012
909301
805247
768802
769871
112698
333765
242291
570967
577475
274530
335328
807049
572796
451335
803321
734647
1148917
71630
253021
84678
493517
447722
188533
829588
529156
1165640
1172693
477877
99719
898556
927017
318623
407821
1002446
424323
175606
467987
790322
96969
209530
997238
188365
507650
470389
1019232
742057
686568
344253
980678
965797
704709
128713
210688
858250
688575
755713
1001835
629462
770203
739211
1062984
950160
418587
807042
640901
434650
936201
599752
961497
109836
155517
801497
518090
880549
882853
1171347
526201
128185
487972
1081773
473135
1179277
623402
501934
164805
96939
876705
647083
819541
876578
421131
1147529
33093
1070802
182475
817473
182280
624562
876119
1156033
80549
833831
837152
519265
794821
1012813
229263
404310
940102
145119
280422
2433
941714
313974
618900
943989
473462
252739
598215
853523
774391
923797
808076
258217
1140073
844064
424767
993078
